QX1794.tig00000065:927792-1009664_Y113G7B.15	100.0 93.92 92.31 94.75 95.88 92.8 95.58 94.16 93.92 93.92 95.88 95.88 93.65 95.88 92.8 100.0
JU310.tig00000196:2902614-2991508_Y113G7B.15	93.92 100.0 96.85 99.17 95.88 94.18 96.41 98.05 100.0 100.0 95.88 95.88 94.48 95.88 93.91 93.92
ECA396.tig00000010:668382-763970_Y113G7B.15	92.31 96.85 100.0 97.9 93.72 92.31 94.76 98.7 96.85 96.85 93.72 93.72 93.36 93.72 92.31 92.31
ECA36.tig00000093:1990418-2072095_Y113G7B.15	94.75 99.17 97.9 100.0 97.0 95.01 97.24 99.35 99.17 99.17 97.0 97.0 95.3 97.0 94.74 94.75
JU2600.tig00029297:2800048-2884491_Y113G7B.15	95.88 95.88 93.72 97.0 100.0 95.49 99.63 94.92 95.88 95.88 100.0 100.0 96.63 100.0 95.49 95.88
NIC526.tig00000100:2884030-2973109_Y113G7B.15	92.8 94.18 92.31 95.01 95.49 100.0 94.74 92.21 94.18 94.18 95.49 95.49 96.95 95.49 99.17 92.8
N2.Y113G7B.15	95.58 96.41 94.76 97.24 99.63 94.74 100.0 96.1 96.41 96.41 99.63 99.63 96.13 99.63 94.46 95.58
DL238.tig00047302:678099-761947_Y113G7B.15	94.16 98.05 98.7 99.35 94.92 92.21 96.1 100.0 98.05 98.05 94.92 94.92 93.51 94.92 92.21 94.16
MY2693.tig00050560:2892530-2981559_Y113G7B.15	93.92 100.0 96.85 99.17 95.88 94.18 96.41 98.05 100.0 100.0 95.88 95.88 94.48 95.88 93.91 93.92
EG4725.tig00000070:3509018-3598047_Y113G7B.15	93.92 100.0 96.85 99.17 95.88 94.18 96.41 98.05 100.0 100.0 95.88 95.88 94.48 95.88 93.91 93.92
JU1400.tig00000001:3055543-3140108_Y113G7B.15	95.88 95.88 93.72 97.0 100.0 95.49 99.63 94.92 95.88 95.88 100.0 100.0 96.63 100.0 95.49 95.88
MY2147.tig00000062:666170-745300_Y113G7B.15	95.88 95.88 93.72 97.0 100.0 95.49 99.63 94.92 95.88 95.88 100.0 100.0 96.63 100.0 95.49 95.88
JU2526.tig00017554:661021-738411_Y113G7B.15	93.65 94.48 93.36 95.3 96.63 96.95 96.13 93.51 94.48 94.48 96.63 96.63 100.0 96.63 96.68 93.65
NIC2.tig00000040:2816801-2901362_Y113G7B.15	95.88 95.88 93.72 97.0 100.0 95.49 99.63 94.92 95.88 95.88 100.0 100.0 96.63 100.0 95.49 95.88
XZ1516.tig00012891:20763-119855_Y113G7B.15	92.8 93.91 92.31 94.74 95.49 99.17 94.46 92.21 93.91 93.91 95.49 95.49 96.68 95.49 100.0 92.8
CB4856.CP038191.1:20383710-20460388_Y113G7B.15	100.0 93.92 92.31 94.75 95.88 92.8 95.58 94.16 93.92 93.92 95.88 95.88 93.65 95.88 92.8 100.0
