EG4725.tig00000070:3509018-3598047_Y113G7B.8	100.0 88.68 86.42 90.4 100.0 88.68 86.42 88.68 89.81 93.43 88.68 88.68 89.14 100.0 89.14 91.41
N2.Y113G7B.8	88.68 100.0 88.68 86.87 88.68 100.0 88.68 100.0 98.87 88.38 100.0 100.0 87.43 88.68 87.43 87.88
QX1794.tig00000065:927792-1009664_Y113G7B.8	86.42 88.68 100.0 86.87 86.42 88.68 100.0 88.68 89.43 87.37 88.68 88.68 92.57 86.42 92.57 87.88
DL238.tig00047302:678099-761947_Y113G7B.8	90.4 86.87 86.87 100.0 90.4 86.87 86.87 86.87 88.38 92.93 86.87 86.87 80.56 90.4 80.56 98.99
MY2693.tig00050560:2892530-2981559_Y113G7B.8	100.0 88.68 86.42 90.4 100.0 88.68 86.42 88.68 89.81 93.43 88.68 88.68 89.14 100.0 89.14 91.41
JU1400.tig00000001:3055543-3140108_Y113G7B.8	88.68 100.0 88.68 86.87 88.68 100.0 88.68 100.0 98.87 88.38 100.0 100.0 87.43 88.68 87.43 87.88
CB4856.CP038191.1:20383710-20460388_Y113G7B.8	86.42 88.68 100.0 86.87 86.42 88.68 100.0 88.68 89.43 87.37 88.68 88.68 92.57 86.42 92.57 87.88
MY2147.tig00000062:666170-745300_Y113G7B.8	88.68 100.0 88.68 86.87 88.68 100.0 88.68 100.0 98.87 88.38 100.0 100.0 87.43 88.68 87.43 87.88
JU2526.tig00017554:661021-738411_Y113G7B.8	89.81 98.87 89.43 88.38 89.81 98.87 89.43 98.87 100.0 89.9 98.87 98.87 87.43 89.81 87.43 89.39
ECA36.tig00000093:1990418-2072095_Y113G7B.8	93.43 88.38 87.37 92.93 93.43 88.38 87.37 88.38 89.9 100.0 88.38 88.38 80.56 93.43 80.56 93.94
JU2600.tig00029297:2800048-2884491_Y113G7B.8	88.68 100.0 88.68 86.87 88.68 100.0 88.68 100.0 98.87 88.38 100.0 100.0 87.43 88.68 87.43 87.88
NIC2.tig00000040:2816801-2901362_Y113G7B.8	88.68 100.0 88.68 86.87 88.68 100.0 88.68 100.0 98.87 88.38 100.0 100.0 87.43 88.68 87.43 87.88
XZ1516.tig00012891:20763-119855_Y113G7B.8	89.14 87.43 92.57 80.56 89.14 87.43 92.57 87.43 87.43 80.56 87.43 87.43 100.0 89.14 100.0 82.41
JU310.tig00000196:2902614-2991508_Y113G7B.8	100.0 88.68 86.42 90.4 100.0 88.68 86.42 88.68 89.81 93.43 88.68 88.68 89.14 100.0 89.14 91.41
NIC526.tig00000100:2884030-2973109_Y113G7B.8	89.14 87.43 92.57 80.56 89.14 87.43 92.57 87.43 87.43 80.56 87.43 87.43 100.0 89.14 100.0 82.41
ECA396.tig00000010:668382-763970_Y113G7B.8	91.41 87.88 87.88 98.99 91.41 87.88 87.88 87.88 89.39 93.94 87.88 87.88 82.41 91.41 82.41 100.0
