MY2147.tig00000062:666170-745300_Y113G7B.6	100.0 100.0 99.68 90.94 89.97 90.94 88.67 100.0 89.97 87.38 90.46 100.0 100.0 89.0 89.97 90.79
NIC2.tig00000040:2816801-2901362_Y113G7B.6	100.0 100.0 99.68 90.94 89.97 90.94 88.67 100.0 89.97 87.38 90.46 100.0 100.0 89.0 89.97 90.79
JU2526.tig00017554:661021-738411_Y113G7B.6	99.68 99.68 100.0 91.26 90.29 91.26 89.0 99.68 90.29 87.7 90.46 99.68 99.68 89.32 90.29 90.79
CB4856.CP038191.1:20383710-20460388_Y113G7B.6	90.94 90.94 91.26 100.0 98.4 100.0 92.95 90.94 98.4 92.95 90.88 90.94 90.94 97.12 98.4 91.21
MY2693.tig00050560:2892530-2981559_Y113G7B.6	89.97 89.97 90.29 98.4 100.0 98.4 91.99 89.97 100.0 91.99 90.23 89.97 89.97 96.47 100.0 90.55
QX1794.tig00000065:927792-1009664_Y113G7B.6	90.94 90.94 91.26 100.0 98.4 100.0 92.95 90.94 98.4 92.95 90.88 90.94 90.94 97.12 98.4 91.21
DL238.tig00047302:678099-761947_Y113G7B.6	88.67 88.67 89.0 92.95 91.99 92.95 100.0 88.67 91.99 98.08 89.25 88.67 88.67 91.67 91.99 89.58
N2.Y113G7B.6	100.0 100.0 99.68 90.94 89.97 90.94 88.67 100.0 89.97 87.38 90.46 100.0 100.0 89.0 89.97 90.79
EG4725.tig00000070:3509018-3598047_Y113G7B.6	89.97 89.97 90.29 98.4 100.0 98.4 91.99 89.97 100.0 91.99 90.23 89.97 89.97 96.47 100.0 90.55
ECA396.tig00000010:668382-763970_Y113G7B.6	87.38 87.38 87.7 92.95 91.99 92.95 98.08 87.38 91.99 100.0 88.6 87.38 87.38 91.67 91.99 88.93
XZ1516.tig00012891:20763-119855_Y113G7B.6	90.46 90.46 90.46 90.88 90.23 90.88 89.25 90.46 90.23 88.6 100.0 90.46 90.46 88.6 90.23 99.67
JU2600.tig00029297:2800048-2884491_Y113G7B.6	100.0 100.0 99.68 90.94 89.97 90.94 88.67 100.0 89.97 87.38 90.46 100.0 100.0 89.0 89.97 90.79
JU1400.tig00000001:3055543-3140108_Y113G7B.6	100.0 100.0 99.68 90.94 89.97 90.94 88.67 100.0 89.97 87.38 90.46 100.0 100.0 89.0 89.97 90.79
ECA36.tig00000093:1990418-2072095_Y113G7B.6	89.0 89.0 89.32 97.12 96.47 97.12 91.67 89.0 96.47 91.67 88.6 89.0 89.0 100.0 96.47 88.93
JU310.tig00000196:2902614-2991508_Y113G7B.6	89.97 89.97 90.29 98.4 100.0 98.4 91.99 89.97 100.0 91.99 90.23 89.97 89.97 96.47 100.0 90.55
NIC526.tig00000100:2884030-2973109_Y113G7B.6	90.79 90.79 90.79 91.21 90.55 91.21 89.58 90.79 90.55 88.93 99.67 90.79 90.79 88.93 90.55 100.0
