CB4856.CP038191.1:20383710-20460388_Y113G7B.2	100.0 98.79 98.79 99.7 98.79 98.49 98.49 98.19 100.0 98.49 98.49 98.79 98.19 96.98 99.66 98.79
JU1400.tig00000001:3055543-3140108_Y113G7B.2	98.79 100.0 100.0 98.49 100.0 99.7 99.7 99.4 98.79 99.7 99.7 100.0 98.79 97.58 100.0 100.0
MY2147.tig00000062:666170-745300_Y113G7B.2	98.79 100.0 100.0 98.49 100.0 99.7 99.7 99.4 98.79 99.7 99.7 100.0 98.79 97.58 100.0 100.0
NIC526.tig00000100:2884030-2973109_Y113G7B.2	99.7 98.49 98.49 100.0 98.49 98.19 98.19 97.89 99.7 98.19 98.19 98.49 97.89 96.68 99.33 98.49
N2.Y113G7B.2	98.79 100.0 100.0 98.49 100.0 99.7 99.7 99.4 98.79 99.7 99.7 100.0 98.79 97.58 100.0 100.0
EG4725.tig00000070:3509018-3598047_Y113G7B.2	98.49 99.7 99.7 98.19 99.7 100.0 100.0 99.7 98.49 100.0 100.0 99.7 99.09 97.89 100.0 99.7
MY2693.tig00050560:2892530-2981559_Y113G7B.2	98.49 99.7 99.7 98.19 99.7 100.0 100.0 99.7 98.49 100.0 100.0 99.7 99.09 97.89 100.0 99.7
JU2526.tig00017554:661021-738411_Y113G7B.2	98.19 99.4 99.4 97.89 99.4 99.7 99.7 100.0 98.19 99.7 99.7 99.4 98.79 97.58 99.66 99.4
QX1794.tig00000065:927792-1009664_Y113G7B.2	100.0 98.79 98.79 99.7 98.79 98.49 98.49 98.19 100.0 98.49 98.49 98.79 98.19 96.98 99.66 98.79
DL238.tig00047302:678099-761947_Y113G7B.2	98.49 99.7 99.7 98.19 99.7 100.0 100.0 99.7 98.49 100.0 100.0 99.7 99.09 97.89 100.0 99.7
JU310.tig00000196:2902614-2991508_Y113G7B.2	98.49 99.7 99.7 98.19 99.7 100.0 100.0 99.7 98.49 100.0 100.0 99.7 99.09 97.89 100.0 99.7
ECA396.tig00000010:668382-763970_Y113G7B.2	98.79 100.0 100.0 98.49 100.0 99.7 99.7 99.4 98.79 99.7 99.7 100.0 98.79 97.58 100.0 100.0
ECA36.tig00000093:1990418-2072095_Y113G7B.2	98.19 98.79 98.79 97.89 98.79 99.09 99.09 98.79 98.19 99.09 99.09 98.79 100.0 97.58 98.99 98.79
XZ1516.tig00012891:20763-119855_Y113G7B.2	96.98 97.58 97.58 96.68 97.58 97.89 97.89 97.58 96.98 97.89 97.89 97.58 97.58 100.0 97.99 97.58
JU2600.tig00029297:2800048-2884491_Y113G7B.2	99.66 100.0 100.0 99.33 100.0 100.0 100.0 99.66 99.66 100.0 100.0 100.0 98.99 97.99 100.0 100.0
NIC2.tig00000040:2816801-2901362_Y113G7B.2	98.79 100.0 100.0 98.49 100.0 99.7 99.7 99.4 98.79 99.7 99.7 100.0 98.79 97.58 100.0 100.0
