MY2147.tig00000062:666170-745300_Y113G7B.7	100.0 98.41 97.76 97.76 98.41 100.0 99.04 100.0 98.41 97.44 100.0 91.4 91.72 100.0 100.0 99.36
JU310.tig00000196:2902614-2991508_Y113G7B.7	98.41 100.0 96.81 96.81 100.0 98.73 98.08 98.41 100.0 97.12 98.41 90.76 91.08 98.41 98.41 98.41
QX1794.tig00000065:927792-1009664_Y113G7B.7	97.76 96.81 100.0 100.0 96.81 100.0 98.72 97.76 96.81 95.83 97.76 89.78 90.1 97.76 97.76 97.76
CB4856.CP038191.1:20383710-20460388_Y113G7B.7	97.76 96.81 100.0 100.0 96.81 100.0 98.72 97.76 96.81 95.83 97.76 89.78 90.1 97.76 97.76 97.76
MY2693.tig00050560:2892530-2981559_Y113G7B.7	98.41 100.0 96.81 96.81 100.0 98.73 98.08 98.41 100.0 97.12 98.41 90.76 91.08 98.41 98.41 98.41
DL238.tig00047302:678099-761947_Y113G7B.7	100.0 98.73 100.0 100.0 98.73 100.0 100.0 100.0 98.73 100.0 100.0 100.0 100.0 100.0 100.0 100.0
JU2526.tig00017554:661021-738411_Y113G7B.7	99.04 98.08 98.72 98.72 98.08 100.0 100.0 99.04 98.08 97.12 99.04 91.05 91.37 99.04 99.04 99.04
N2.Y113G7B.7	100.0 98.41 97.76 97.76 98.41 100.0 99.04 100.0 98.41 97.44 100.0 91.4 91.72 100.0 100.0 99.36
EG4725.tig00000070:3509018-3598047_Y113G7B.7	98.41 100.0 96.81 96.81 100.0 98.73 98.08 98.41 100.0 97.12 98.41 90.76 91.08 98.41 98.41 98.41
ECA396.tig00000010:668382-763970_Y113G7B.7	97.44 97.12 95.83 95.83 97.12 100.0 97.12 97.44 97.12 100.0 97.44 89.78 90.1 97.44 97.44 97.44
JU1400.tig00000001:3055543-3140108_Y113G7B.7	100.0 98.41 97.76 97.76 98.41 100.0 99.04 100.0 98.41 97.44 100.0 91.4 91.72 100.0 100.0 99.36
NIC526.tig00000100:2884030-2973109_Y113G7B.7	91.4 90.76 89.78 89.78 90.76 100.0 91.05 91.4 90.76 89.78 91.4 100.0 99.37 91.4 91.4 91.4
XZ1516.tig00012891:20763-119855_Y113G7B.7	91.72 91.08 90.1 90.1 91.08 100.0 91.37 91.72 91.08 90.1 91.72 99.37 100.0 91.72 91.72 91.72
NIC2.tig00000040:2816801-2901362_Y113G7B.7	100.0 98.41 97.76 97.76 98.41 100.0 99.04 100.0 98.41 97.44 100.0 91.4 91.72 100.0 100.0 99.36
JU2600.tig00029297:2800048-2884491_Y113G7B.7	100.0 98.41 97.76 97.76 98.41 100.0 99.04 100.0 98.41 97.44 100.0 91.4 91.72 100.0 100.0 99.36
ECA36.tig00000093:1990418-2072095_Y113G7B.7	99.36 98.41 97.76 97.76 98.41 100.0 99.04 99.36 98.41 97.44 99.36 91.4 91.72 99.36 99.36 100.0
