JU310.tig00000196:2902614-2991508_Y113G7B.4	100.0 95.54 95.54 99.68 100.0 95.54 100.0 99.36 99.36 99.36 99.36 99.36 99.36 98.73 98.73 98.73
CB4856.CP038191.1:20383710-20460388_Y113G7B.4	95.54 100.0 100.0 95.22 95.54 100.0 95.54 95.54 95.54 95.54 95.54 95.54 95.54 94.9 94.27 94.27
QX1794.tig00000065:927792-1009664_Y113G7B.4	95.54 100.0 100.0 95.22 95.54 100.0 95.54 95.54 95.54 95.54 95.54 95.54 95.54 94.9 94.27 94.27
DL238.tig00047302:678099-761947_Y113G7B.4	99.68 95.22 95.22 100.0 99.68 95.22 99.68 99.04 99.04 99.04 99.04 99.04 99.04 98.41 98.41 98.41
MY2693.tig00050560:2892530-2981559_Y113G7B.4	100.0 95.54 95.54 99.68 100.0 95.54 100.0 99.36 99.36 99.36 99.36 99.36 99.36 98.73 98.73 98.73
NIC526.tig00000100:2884030-2973109_Y113G7B.4	95.54 100.0 100.0 95.22 95.54 100.0 95.54 95.54 95.54 95.54 95.54 95.54 95.54 94.9 94.27 94.27
EG4725.tig00000070:3509018-3598047_Y113G7B.4	100.0 95.54 95.54 99.68 100.0 95.54 100.0 99.36 99.36 99.36 99.36 99.36 99.36 98.73 98.73 98.73
N2.Y113G7B.4	99.36 95.54 95.54 99.04 99.36 95.54 99.36 100.0 100.0 99.36 100.0 100.0 100.0 98.73 98.09 98.09
JU1400.tig00000001:3055543-3140108_Y113G7B.4	99.36 95.54 95.54 99.04 99.36 95.54 99.36 100.0 100.0 99.36 100.0 100.0 100.0 98.73 98.09 98.09
ECA396.tig00000010:668382-763970_Y113G7B.4	99.36 95.54 95.54 99.04 99.36 95.54 99.36 99.36 99.36 100.0 99.36 99.36 99.36 98.73 98.09 98.73
MY2147.tig00000062:666170-745300_Y113G7B.4	99.36 95.54 95.54 99.04 99.36 95.54 99.36 100.0 100.0 99.36 100.0 100.0 100.0 98.73 98.09 98.09
NIC2.tig00000040:2816801-2901362_Y113G7B.4	99.36 95.54 95.54 99.04 99.36 95.54 99.36 100.0 100.0 99.36 100.0 100.0 100.0 98.73 98.09 98.09
JU2600.tig00029297:2800048-2884491_Y113G7B.4	99.36 95.54 95.54 99.04 99.36 95.54 99.36 100.0 100.0 99.36 100.0 100.0 100.0 98.73 98.09 98.09
JU2526.tig00017554:661021-738411_Y113G7B.4	98.73 94.9 94.9 98.41 98.73 94.9 98.73 98.73 98.73 98.73 98.73 98.73 98.73 100.0 98.09 97.45
XZ1516.tig00012891:20763-119855_Y113G7B.4	98.73 94.27 94.27 98.41 98.73 94.27 98.73 98.09 98.09 98.09 98.09 98.09 98.09 98.09 100.0 98.73
ECA36.tig00000093:1990418-2072095_Y113G7B.4	98.73 94.27 94.27 98.41 98.73 94.27 98.73 98.09 98.09 98.73 98.09 98.09 98.09 97.45 98.73 100.0
