DL238.tig00000267:1243968-1295550_F19B10.8	100.0 96.18 95.88 96.18 95.59 95.59 96.18 95.88 96.18 95.88 96.18 96.18 95.59 95.59 95.88 95.88
QX1794.tig00000154:978836-1028382_F19B10.8	96.18 100.0 99.71 100.0 99.41 99.41 100.0 99.71 100.0 99.71 100.0 100.0 99.41 99.41 99.71 99.71
EG4725.tig00000044:310657-369049_F19B10.8	95.88 99.71 100.0 99.71 99.71 99.12 99.71 99.41 99.71 99.41 99.71 99.71 99.12 99.12 99.41 100.0
MY2147.tig00000039:265785-320270_F19B10.8	96.18 100.0 99.71 100.0 99.41 99.41 100.0 99.71 100.0 99.71 100.0 100.0 99.41 99.41 99.71 99.71
MY2693.tig00000023:3619344-3674035_F19B10.8	95.59 99.41 99.71 99.41 100.0 98.82 99.41 99.12 99.41 99.12 99.41 99.41 98.82 98.82 99.12 99.71
CB4856.CP038188.1:3787994-3844678_F19B10.8	95.59 99.41 99.12 99.41 98.82 100.0 99.41 99.12 99.41 99.12 99.41 99.41 98.82 98.82 99.12 99.12
NIC526.tig00000063:314135-368629_F19B10.8	96.18 100.0 99.71 100.0 99.41 99.41 100.0 99.71 100.0 99.71 100.0 100.0 99.41 99.41 99.71 99.71
NIC2.tig00000011:985822-1025171_F19B10.8	95.88 99.71 99.41 99.71 99.12 99.12 99.71 100.0 99.71 100.0 99.71 99.71 99.12 99.71 100.0 99.41
JU310.tig00000034:962863-1017743_F19B10.8	96.18 100.0 99.71 100.0 99.41 99.41 100.0 99.71 100.0 99.71 100.0 100.0 99.41 99.41 99.71 99.71
N2.F19B10.8	95.88 99.71 99.41 99.71 99.12 99.12 99.71 100.0 99.71 100.0 99.71 99.71 99.12 99.71 100.0 99.41
JU2600.tig00000047:308602-364829_F19B10.8	96.18 100.0 99.71 100.0 99.41 99.41 100.0 99.71 100.0 99.71 100.0 100.0 99.41 99.41 99.71 99.71
JU2526.tig00000311:323539-377149_F19B10.8	96.18 100.0 99.71 100.0 99.41 99.41 100.0 99.71 100.0 99.71 100.0 100.0 99.41 99.41 99.71 99.71
XZ1516.tig00000011:975173-1027122_F19B10.8	95.59 99.41 99.12 99.41 98.82 98.82 99.41 99.12 99.41 99.12 99.41 99.41 100.0 98.82 99.12 99.12
ECA396.tig00061545:289550-330615_F19B10.8	95.59 99.41 99.12 99.41 98.82 98.82 99.41 99.71 99.41 99.71 99.41 99.41 98.82 100.0 99.71 99.12
ECA36.tig00000001:4722602-4759788_F19B10.8	95.88 99.71 99.41 99.71 99.12 99.12 99.71 100.0 99.71 100.0 99.71 99.71 99.12 99.71 100.0 99.41
JU1400.tig00000212:324547-374709_F19B10.8	95.88 99.71 100.0 99.71 99.71 99.12 99.71 99.41 99.71 99.41 99.71 99.71 99.12 99.12 99.41 100.0
