CB4856.CP038188.1:3787994-3844678_F19B10.10	100.0 88.93 99.47 99.47 99.47 99.47 99.47 93.62 99.47 98.99 99.47 99.47 93.62 99.47 92.55 93.62
ECA36.tig00000001:4722602-4759788_F19B10.10	88.93 100.0 89.05 89.05 89.05 89.05 88.81 98.57 88.81 87.65 88.81 88.81 99.76 88.81 87.86 99.76
EG4725.tig00000044:310657-369049_F19B10.10	99.47 89.05 100.0 100.0 100.0 100.0 99.79 89.96 99.79 99.74 99.79 99.79 89.33 99.79 91.0 89.33
QX1794.tig00000154:978836-1028382_F19B10.10	99.47 89.05 100.0 100.0 100.0 100.0 99.79 89.96 99.79 99.74 99.79 99.79 89.33 99.79 91.0 89.33
JU1400.tig00000212:324547-374709_F19B10.10	99.47 89.05 100.0 100.0 100.0 100.0 99.79 89.96 99.79 99.74 99.79 99.79 89.33 99.79 91.0 89.33
MY2693.tig00000023:3619344-3674035_F19B10.10	99.47 89.05 100.0 100.0 100.0 100.0 99.79 89.96 99.79 99.74 99.79 99.79 89.33 99.79 91.0 89.33
MY2147.tig00000039:265785-320270_F19B10.10	99.47 88.81 99.79 99.79 99.79 99.79 100.0 89.75 100.0 99.49 100.0 100.0 89.12 100.0 90.79 89.12
ECA396.tig00061545:289550-330615_F19B10.10	93.62 98.57 89.96 89.96 89.96 89.96 89.75 100.0 89.75 88.72 89.75 89.75 98.44 89.75 88.71 98.44
JU310.tig00000034:962863-1017743_F19B10.10	99.47 88.81 99.79 99.79 99.79 99.79 100.0 89.75 100.0 99.49 100.0 100.0 89.12 100.0 90.79 89.12
XZ1516.tig00000011:975173-1027122_F19B10.10	98.99 87.65 99.74 99.74 99.74 99.74 99.49 88.72 99.49 100.0 99.49 99.49 88.21 99.49 90.26 88.21
JU2526.tig00000311:323539-377149_F19B10.10	99.47 88.81 99.79 99.79 99.79 99.79 100.0 89.75 100.0 99.49 100.0 100.0 89.12 100.0 90.79 89.12
JU2600.tig00000047:308602-364829_F19B10.10	99.47 88.81 99.79 99.79 99.79 99.79 100.0 89.75 100.0 99.49 100.0 100.0 89.12 100.0 90.79 89.12
N2.F19B10.10	93.62 99.76 89.33 89.33 89.33 89.33 89.12 98.44 89.12 88.21 89.12 89.12 100.0 89.12 88.87 100.0
NIC526.tig00000063:314135-368629_F19B10.10	99.47 88.81 99.79 99.79 99.79 99.79 100.0 89.75 100.0 99.49 100.0 100.0 89.12 100.0 90.79 89.12
DL238.tig00000267:1243968-1295550_F19B10.10	92.55 87.86 91.0 91.0 91.0 91.0 90.79 88.71 90.79 90.26 90.79 90.79 88.87 90.79 100.0 88.87
NIC2.tig00000011:985822-1025171_F19B10.10	93.62 99.76 89.33 89.33 89.33 89.33 89.12 98.44 89.12 88.21 89.12 89.12 100.0 89.12 88.87 100.0
