CB4856.CP038188.1:3787994-3844678_F19B10.1	100.0 99.25 93.98 99.25 93.98 93.98 99.25 100.0 99.25 100.0 94.74 100.0 94.74 100.0 99.25 99.25
JU310.tig00000034:962863-1017743_F19B10.1	99.25 100.0 93.23 100.0 93.23 93.23 100.0 99.25 100.0 99.25 93.98 99.25 93.98 99.25 100.0 98.5
NIC2.tig00000011:985822-1025171_F19B10.1	93.98 93.23 100.0 93.23 100.0 92.4 93.23 93.98 93.23 91.04 98.88 93.98 99.33 93.98 93.23 93.23
JU2600.tig00000047:308602-364829_F19B10.1	99.25 100.0 93.23 100.0 93.23 93.23 100.0 99.25 100.0 99.25 93.98 99.25 93.98 99.25 100.0 98.5
N2.F19B10.1	93.98 93.23 100.0 93.23 100.0 92.4 93.23 93.98 93.23 91.04 98.88 93.98 99.33 93.98 93.23 93.23
DL238.tig00000267:1243968-1295550_F19B10.1	93.98 93.23 92.4 93.23 92.4 100.0 93.23 93.98 93.23 95.0 92.78 93.98 93.88 93.98 93.23 93.23
JU2526.tig00000311:323539-377149_F19B10.1	99.25 100.0 93.23 100.0 93.23 93.23 100.0 99.25 100.0 99.25 93.98 99.25 93.98 99.25 100.0 98.5
EG4725.tig00000044:310657-369049_F19B10.1	100.0 99.25 93.98 99.25 93.98 93.98 99.25 100.0 99.25 100.0 94.74 100.0 94.74 100.0 99.25 99.25
NIC526.tig00000063:314135-368629_F19B10.1	99.25 100.0 93.23 100.0 93.23 93.23 100.0 99.25 100.0 99.25 93.98 99.25 93.98 99.25 100.0 98.5
XZ1516.tig00000011:975173-1027122_F19B10.1	100.0 99.25 91.04 99.25 91.04 95.0 99.25 100.0 99.25 100.0 91.54 100.0 92.52 100.0 99.25 99.25
ECA396.tig00061545:289550-330615_F19B10.1	94.74 93.98 98.88 93.98 98.88 92.78 93.98 94.74 93.98 91.54 100.0 94.74 100.0 94.74 93.98 93.98
QX1794.tig00000154:978836-1028382_F19B10.1	100.0 99.25 93.98 99.25 93.98 93.98 99.25 100.0 99.25 100.0 94.74 100.0 94.74 100.0 99.25 99.25
ECA36.tig00000001:4722602-4759788_F19B10.1	94.74 93.98 99.33 93.98 99.33 93.88 93.98 94.74 93.98 92.52 100.0 94.74 100.0 94.74 93.98 93.98
JU1400.tig00000212:324547-374709_F19B10.1	100.0 99.25 93.98 99.25 93.98 93.98 99.25 100.0 99.25 100.0 94.74 100.0 94.74 100.0 99.25 99.25
MY2147.tig00000039:265785-320270_F19B10.1	99.25 100.0 93.23 100.0 93.23 93.23 100.0 99.25 100.0 99.25 93.98 99.25 93.98 99.25 100.0 98.5
MY2693.tig00000023:3619344-3674035_F19B10.1	99.25 98.5 93.23 98.5 93.23 93.23 98.5 99.25 98.5 99.25 93.98 99.25 93.98 99.25 98.5 100.0
