NIC2.tig00000011:985822-1025171_F40H7.5	100.0 98.12 98.12 99.37 98.12 94.67 98.12 98.12 100.0 98.12 97.18 97.18 98.12 98.12 98.12 98.12
JU2526.tig00000311:323539-377149_F40H7.5	98.12 100.0 100.0 98.12 100.0 96.55 100.0 100.0 98.12 100.0 99.06 95.92 100.0 100.0 100.0 100.0
JU1400.tig00000212:324547-374709_F40H7.5	98.12 100.0 100.0 98.12 100.0 96.55 100.0 100.0 98.12 100.0 99.06 95.92 100.0 100.0 100.0 100.0
ECA36.tig00000001:4722602-4759788_F40H7.5	99.37 98.12 98.12 100.0 98.12 94.67 98.12 98.12 99.37 98.12 97.81 97.18 98.12 98.12 98.12 98.12
NIC526.tig00000063:314135-368629_F40H7.5	98.12 100.0 100.0 98.12 100.0 96.55 100.0 100.0 98.12 100.0 99.06 95.92 100.0 100.0 100.0 100.0
DL238.tig00000267:1243968-1295550_F40H7.5	94.67 96.55 96.55 94.67 96.55 100.0 96.55 96.55 94.67 96.55 95.61 92.48 96.55 96.55 96.55 96.55
XZ1516.tig00000011:975173-1027122_F40H7.5	98.12 100.0 100.0 98.12 100.0 96.55 100.0 100.0 98.12 100.0 99.06 95.92 100.0 100.0 100.0 100.0
JU2600.tig00000047:308602-364829_F40H7.5	98.12 100.0 100.0 98.12 100.0 96.55 100.0 100.0 98.12 100.0 99.06 95.92 100.0 100.0 100.0 100.0
N2.F40H7.5	100.0 98.12 98.12 99.37 98.12 94.67 98.12 98.12 100.0 98.12 97.18 97.18 98.12 98.12 98.12 98.12
JU310.tig00000034:962863-1017743_F40H7.5	98.12 100.0 100.0 98.12 100.0 96.55 100.0 100.0 98.12 100.0 99.06 95.92 100.0 100.0 100.0 100.0
EG4725.tig00000044:310657-369049_F40H7.5	97.18 99.06 99.06 97.81 99.06 95.61 99.06 99.06 97.18 99.06 100.0 95.3 99.06 99.06 99.06 99.06
ECA396.tig00061545:289550-330615_F40H7.5	97.18 95.92 95.92 97.18 95.92 92.48 95.92 95.92 97.18 95.92 95.3 100.0 95.92 95.92 95.92 95.92
CB4856.CP038188.1:3787994-3844678_F40H7.5	98.12 100.0 100.0 98.12 100.0 96.55 100.0 100.0 98.12 100.0 99.06 95.92 100.0 100.0 100.0 100.0
MY2147.tig00000039:265785-320270_F40H7.5	98.12 100.0 100.0 98.12 100.0 96.55 100.0 100.0 98.12 100.0 99.06 95.92 100.0 100.0 100.0 100.0
QX1794.tig00000154:978836-1028382_F40H7.5	98.12 100.0 100.0 98.12 100.0 96.55 100.0 100.0 98.12 100.0 99.06 95.92 100.0 100.0 100.0 100.0
MY2693.tig00000023:3619344-3674035_F40H7.5	98.12 100.0 100.0 98.12 100.0 96.55 100.0 100.0 98.12 100.0 99.06 95.92 100.0 100.0 100.0 100.0
