JU2526.tig00000311:323539-377149_F40H7.4	100.0 90.25 90.57 99.69 100.0 98.75 89.66 97.73 100.0 100.0 90.25 100.0 100.0 90.57 99.06 100.0
NIC2.tig00000011:985822-1025171_F40H7.4	90.25 100.0 99.69 89.94 90.25 90.88 94.97 91.78 90.25 90.25 100.0 93.02 90.25 99.69 89.31 90.25
ECA36.tig00000001:4722602-4759788_F40H7.4	90.57 99.69 100.0 90.25 90.57 91.19 95.28 92.24 90.57 90.57 99.69 93.49 90.57 100.0 89.62 90.57
JU1400.tig00000212:324547-374709_F40H7.4	99.69 89.94 90.25 100.0 99.69 98.43 89.34 97.27 99.69 99.69 89.94 99.54 99.69 90.25 98.75 99.69
NIC526.tig00000063:314135-368629_F40H7.4	100.0 90.25 90.57 99.69 100.0 98.75 89.66 97.73 100.0 100.0 90.25 100.0 100.0 90.57 99.06 100.0
XZ1516.tig00000011:975173-1027122_F40H7.4	98.75 90.88 91.19 98.43 98.75 100.0 90.28 96.82 98.75 98.75 90.88 99.07 98.75 91.19 97.81 98.75
DL238.tig00000267:1243968-1295550_F40H7.4	89.66 94.97 95.28 89.34 89.66 90.28 100.0 89.09 89.66 89.66 94.97 91.2 89.66 95.28 88.71 89.66
QX1794.tig00000154:978836-1028382_F40H7.4	97.73 91.78 92.24 97.27 97.73 96.82 89.09 100.0 97.73 97.73 91.78 98.14 97.73 92.24 96.36 97.73
JU2600.tig00000047:308602-364829_F40H7.4	100.0 90.25 90.57 99.69 100.0 98.75 89.66 97.73 100.0 100.0 90.25 100.0 100.0 90.57 99.06 100.0
JU310.tig00000034:962863-1017743_F40H7.4	100.0 90.25 90.57 99.69 100.0 98.75 89.66 97.73 100.0 100.0 90.25 100.0 100.0 90.57 99.06 100.0
N2.F40H7.4	90.25 100.0 99.69 89.94 90.25 90.88 94.97 91.78 90.25 90.25 100.0 93.02 90.25 99.69 89.31 90.25
EG4725.tig00000044:310657-369049_F40H7.4	100.0 93.02 93.49 99.54 100.0 99.07 91.2 98.14 100.0 100.0 93.02 100.0 100.0 93.49 98.61 100.0
MY2147.tig00000039:265785-320270_F40H7.4	100.0 90.25 90.57 99.69 100.0 98.75 89.66 97.73 100.0 100.0 90.25 100.0 100.0 90.57 99.06 100.0
ECA396.tig00061545:289550-330615_F40H7.4	90.57 99.69 100.0 90.25 90.57 91.19 95.28 92.24 90.57 90.57 99.69 93.49 90.57 100.0 89.62 90.57
CB4856.CP038188.1:3787994-3844678_F40H7.4	99.06 89.31 89.62 98.75 99.06 97.81 88.71 96.36 99.06 99.06 89.31 98.61 99.06 89.62 100.0 99.06
MY2693.tig00000023:3619344-3674035_F40H7.4	100.0 90.25 90.57 99.69 100.0 98.75 89.66 97.73 100.0 100.0 90.25 100.0 100.0 90.57 99.06 100.0
